34
15
802
175
371
9
266
281
89
663
223
807
589
239
670
24
637
96
827
568
356
176
481
714
56
94
386
578
486
30
384
377
67
200
173
544
662
523
685
362
71
69
17
787
491
12
696
767
418
503
312
13
95
447
631
459
513
815
350
344
731
690
677
761
873
579
819
300
106
537
115
855
282
651
793
134
202
895
302
127
452
723
465
458
187
843
320
574
814
11
505
47
83
414
534
3
669
25
496
248
181
104
753
288
695
174
170
576
147
653
880
693
369
215
598
730
226
866
449
572
809
798
338
633
219
171
46
796
724
641
610
553
829
172
546
820
703
711
551
70
102
539
120
133
77
565
406
164
689
710
482
622
376
33
273
652
32
65
681
545
801
2
609
770
461
717
217
136
140
538
627
554
518
457
616
462
40
557
789
323
357
126
884
405
213
492
564
561
859
639
352
671
407
792
341
704
28
442
241
324
743
413
475
585
488
340
75
856
472
773
889
365
455
785
317
166
180
831
398
737
277
890
105
408
123
399
99
198
121
244
124
247
877
209
566
434
148
259
396
349
409
713
756
383
614
348
850
107
204
636
445
225
218
20
35
805
563
211
45
256
865
541
772
487
152
191
116
849
263
53
112
612
532
842
863
141
62
597
736
307
283
415
765
128
559
119
59
734
420
437
558
188
575
642
474
21
18
387
881
103
178
581
212
811
700
594
658
552
345
159
44
137
586
292
502
403
535
366
143
80
431
625
78
207
249
392
389
374
111
110
168
619
718
38
342
817
380
142
721
29
547
857
270
741
41
315
379
295
732
744
749
310
683
401
540
433
267
466
430
234
326
6
593
830
506
224
680
676
388
515
775
351
485
314
608
425
542
16
490
618
451
624
758
50
525
286
316
729
397
835
514
686
90
81
138
692
145
468
311
595
600
139
412
596
160
699
153
632
517
381
182
250
728
192
291
611
306
526
353
183
675
665
694
507
853
193
499
555
522
754
255
716
309
797
604
39
766
828
238
672
284
800
63
479
87
454
733
57
613
144
354
179
874
869
489
640
806
325
592
748
51
638
751
360
776
155
845
706
287
86
186
742
647
838
682
261
162
654
258
832
588
260
740
264
668
228
42
149
197
726
422
705
876
55
26
275
887
644
549
330
667
367
799
813
470
446
285
54
836
231
602
450
156
478
892
791
184
810
494
464
318
280
402
628
343
36
803
410
52
251
163
656
43
834
235
868
424
755
74
456
48
463
296
846
304
826
635
97
373
747
533
678
58
495
587
840
822
254
101
536
688
4
870
861
848
512
154
764
279
839
336
113
504
8
272
484
480
569
125
421
216
146
79
769
298
804
322
372
185
531
883
118
591
697
382
419
483
722
201
615
355
305
423
319
109
527
214
227
313
779
878
220
844
359
886
879
14
428
643
477
88
327
329
274
331
601
720
567
297
439
509
417
85
629
757
308
135
205
548
368
560
117
719
427
1
571
299
847
702
543
364
240
441
278
712
580
68
165
271
599
161
684
453
824
416
194
444
436
623
229
27
385
206
851
812
661
709
808
891
98
777
37
467
253
816
358
780
621
666
19
157
328
781
570
208
222
269
257
242
687
130
100
606
236
233
782
262
556
150
620
752
760
375
516
519
577
190
725
363
784
657
290
5
91
837
864
293
762
122
245
590
524
562
221
31
230
177
582
361
132
66
471
790
448
529
660
169
510
158
335
746
395
443
893
698
10
607
391
246
289
778
393
476
701
252
243
823
294
321
715
783
7
460
0
655
493
268
841
771
411
347
400
378
862
854
394
237
650
646
339
867
626
875
114
745
645
210
500
528
64
691
108
550
469
630
276
61
199
508
432
738
821
511
885
73
49
768
429
673
498
440
301
76
818
333
92
497
521
894
786
739
303
648
605
131
334
858
763
852
426
674
871
707
794
530
788
759
501
872
196
332
735
708
649
634
583
573
584
520
404
195
825
435
603
337
750
659
727
60
833
203
617
370
22
774
93
795
129
664
23
888
438
390
265
72
84
82
882
346
679
473
167
232
860
189
151
